24908   1966  1 2 20    10      60           0.18             108  108    
24908   1966  1 2 31    10      60           0.19             114  114    
24908   1966  2 2 10    10      63           0.16             101  101    
24908   1966  2 2 15    10      67           0.18             121  121    
24908   1966  2 2 20    10      67           0.18             121  121    
24908   1966  2 2 25    10      66           0.19             125  125    
24908   1966  2 2 28    10      66           0.19             125  125    
24908   1966  3 2  5    10      69           0.19             131  131    
24908   1966  3 2 10    10      70           0.19             133  133    
24908   1966  3 2 15    10      67           0.19             127  127    
24908   1966  3 2 20    10      67           0.20             134  134    
24908   1966  3 2 25    10      66           0.20             132  132    
24908   1966  3 2 31    10      65           0.19             124  124    
24908   1966  4 2  5    10      62           0.21             130  130    
24908   1966  4 2 10    10      61           0.22             134  134    
24908   1966  4 2 15    10      65           0.22             143  143    
24908   1966  4 2 20    10      64           0.22             141  141    
24908   1966  4 2 25    10      63           0.22             139  139    
24908   1966  4 2 30    10      47           0.24             113  113    
24908   1966  5 2  5    10      24           0.35              84   84    
24908   1966 11 2 10    10      18           0.16              29   29    
24908   1966 11 2 20    10      24           0.13              31   31    
24908   1966 11 2 30    10      31           0.16              50   50    
24908   1966 12 2 20    10      40           0.16              64   64    
24908   1967  1 2 20    10      51           0.16              82   82    
24908   1967  1 2 31    10      51           0.18              92   92    
24908   1967  2 2 10    10      52           0.18              94   94    
24908   1967  2 2 20    10      59           0.18             106  106    
24908   1967  2 2 28    10      57           0.19             108  108    
24908   1967  3 2 10    10      58           0.18             104  104    
24908   1967  3 2 15    10      60           0.19             114  114    
24908   1967  3 2 20    10      57           0.19             108  108    
24908   1967  3 2 25    10      57           0.19             108  108    
24908   1967  3 2 31    10      56           0.20             112  112    
24908   1967  4 2  5    10      57           0.19             108  108    
24908   1967  4 2 10    10      54           0.20             108  108    
24908   1967  4 2 15    10      51           0.21             107  107    
24908   1967  4 2 20    10      44           0.28             123  123    
24908   1967  4 2 25     9       6           0.37              22   22    
24908   1967 11 2 20    10      15           0.16              24   24    
24908   1967 12 2 20    10      22           0.15              33   33    
24908   1968  1 2 20    10      33           0.16              53   53    
24908   1968  1 2 31    10      33           0.16              53   53    
24908   1968  2 2 10    10      35           0.17              60   60    
24908   1968  2 2 20    10      36           0.17              61   61    
24908   1968  2 2 29    10      35           0.17              60   60    
24908   1968  3 2 10    10      36           0.18              65   65    
24908   1968  3 2 15    10      34           0.19              65   65    
24908   1968  3 2 20    10      36           0.19              68   68    
24908   1968  3 2 25    10      34           0.19              65   65    
24908   1968  3 2 31    10      32           0.19              61   61    
24908   1968  4 2  5    10      30           0.21              63   63    
24908   1968  4 2 10    10      31           0.21              65   65    
24908   1968  4 2 15    10      31           0.22              68   68    
24908   1968 11 2 20    10      25           0.14              35   35    
24908   1968 12 2 20    10      32           0.15              48   48    
24908   1969  1 2 20    10      36           0.17              61   61    
24908   1969  1 2 31    10      39           0.16              62   62    
24908   1969  2 2 10    10      41           0.17              70   70    
24908   1969  2 2 20    10      42           0.16              67   67    
24908   1969  2 2 28    10      42           0.15              63   63    
24908   1969  3 2 10    10      42           0.17              71   71    
24908   1969  3 2 15    10      42           0.17              71   71    
24908   1969  3 2 20    10      41           0.17              70   70    
24908   1969  3 2 25    10      44           0.17              75   75    
24908   1969  3 2 31    10      43           0.18              77   77    
24908   1969  4 2  5    10      51           0.18              92   92    
24908   1969  4 2 10    10      46           0.20              92   92    
24908   1969  4 2 15    10      46           0.19              87   87    
24908   1969  4 2 20    10      47           0.20              94   94    
24908   1969  4 2 25    10      45           0.20              90   90    
24908   1969  4 2 30    10      33           0.22              73   73    
24908   1969  5 2  5    10      30           0.22              66   66    
24908   1969  5 2 10    10      24           0.31              74   74    
24908   1969  5 2 15     8      16           0.33              53   53    
24908   1969 10 2 20     8       5           0.13               7    7    
24908   1969 11 2 20    10      28           0.16              45   45    
24908   1969 12 2 20    10      41           0.18              74   74    
24908   1970  1 2 20    10      46           0.19              87   87    
24908   1970  1 2 31    10      48           0.19              91   91    
24908   1970  2 2 10    10      51           0.18              92   92    
24908   1970  2 2 20    10      54           0.19             103  103    
24908   1970  2 2 28    10      54           0.19             103  103    
24908   1970  3 2 10    10      53           0.20             106  106    
24908   1970  3 2 20    10      52           0.21             109  109    
24908   1970  3 2 31    10      49           0.22             108  108    
24908   1970  4 2  5    10      51           0.22             112  112    
24908   1970  4 2 10    10      60           0.20             120  120    
24908   1970  4 2 15    10      44           0.21              92   92    
24908   1970  4 2 20    10      40           0.23              92   92    
24908   1970  4 2 25    10      15           0.33              50   50    
24908   1970  4 2 30    10      17           0.25              43   43    
24908   1970 11 2 20    10      22           0.15              33   33    
24908   1970 12 2 20    10      32           0.16              51   51    
24908   1971  1 2 20    10      46           0.17              78   78    
24908   1971  1 2 31    10      51           0.18              92   92    
24908   1971  2 2 10    10      51           0.18              92   92    
24908   1971  2 2 20    10      50           0.18              90   90    
24908   1971  2 2 28    10      48           0.19              91   91    
24908   1971  3 2 10    10      48           0.20              96   96    
24908   1971  3 2 20    10      59           0.20             118  118    
24908   1971  3 2 25    10      58           0.20             116  116    
24908   1971  3 2 31    10      60           0.21             126  126    
24908   1971  4 2  5    10      57           0.21             120  120    
24908   1971  4 2 10    10      50           0.22             110  110    
24908   1971  4 2 15    10      45           0.23             104  104    
24908   1971  4 2 20    10      28           0.23              64   64    
24908   1971  4 2 25    10      22           0.32              70   70    
24908   1971  4 2 30     9      17           0.34              58   58    
24908   1971 10 2 20    10      11           0.12              13   13    
24908   1971 11 2 20    10      24           0.18              43   43    
24908   1971 12 2 20    10      33           0.16              53   53    
24908   1972 10 2 20    10      12           0.15              18         
24908   1972 11 2 20    10      28           0.16              45         
24908   1972 12 2 20    10      44           0.16              70   70    
24908   1974  2 1 10    10      67           0.23             154  154    
24908   1974  2 1 20    10      61           0.25             152  152    
24908   1974  2 1 28    10      67           0.23             154  154    
24908   1974  3 2 10    10      67           0.25             168  168    
24908   1974  3 2 20    10      68           0.25             170  170    
24908   1974  3 2 25    10      68           0.25             169  169    
24908   1974  3 2 31    10      66           0.25             165  165    
24908   1974  4 2  5    10      67           0.25             168         
24908   1974  4 2 10    10      69           0.25             172         
24908   1974  4 2 15    10      71           0.25             178         
24908   1974  4 2 20    10      67           0.25             168         
24908   1974  4 2 25    10      39           0.27             105         
24908   1974  4 2 30    10      39           0.29             113         
24908   1974 10 2 20    10       3                                        
24908   1974 11 2 20    10       4                                        
24908   1974 12 2 20    10      72           0.16             115         
24908   1975  1 2 20    10      59           0.18             106         
24908   1975  1 2 30    10      61           0.18             110         
24908   1975  2 2 10    10      90           0.19             171         
24908   1975  2 2 20    10      90           0.18             162         
24908   1975  2 2 28    10      95           0.21             200         
24908   1975  3 2 10    10      66           0.21             139         
24908   1975  3 2 20    10      74           0.20             148         
24908   1975  3 2 25    10      68           0.16             109         
24908   1975  3 2 30    10      64           0.21             134         
24908   1975  4 2  5    10      75           0.22             165         
24908   1975  4 2 10    10      65           0.22             143         
24908   1975  4 2 15    10      55           0.23             125         
24908   1975  4 2 20    10      55           0.24             132         
24908   1975  4 2 25    10      42           0.24             100         
24908   1975  4 2 30    10      40           0.24              96         
24908   1975 10 2 10    10      37           0.13              48         
24908   1975 10 2 30    10      25           0.14              35   35    
24908   1975 11 2 20    10      12           0.14              17         
24908   1975 12 2 20    10      22           0.17              37         
24908   1977  1 2 20    10  0   39   55   30 0.18              70      0  
24908   1977  1 2 31    10  0   40   48   32 0.18              72      0  
24908   1977  2 2 10    10  0   40   52   27 0.18              72      0  
24908   1977  2 2 20    10  0   40   50   34 0.18              72      0  
24908   1977  2 2 28    10  0   41   51   30 0.18              74      0  
24908   1977  3 2 10    10  0   51   70   40 0.18              92      0  
24908   1977  3 2 20    10  0   52   60   38 0.18              94      0  
24908   1977  3 2 31    10  0   49   61   36 0.19              93      0  
24908   1977  4 2  5    10  7   47   58   33 0.19   1          89   90 0  
24908   1977  4 2 10    10  7   48   63   39 0.20   1          96   97 0  
24908   1977  4 2 15    10  7   51   65   38 0.20   1         102  103 1  
24908   1977  4 2 20    10  7   39   58    8 0.21   1          82   83 1  
24908   1977  4 2 25    10  7   32   50    3 0.22   1          70   71 1  
24908   1977  4 2 30     9 10   20   44    0 0.27   1          54   55 5  
24908   1977  5 2  5     9 10   14   33    5 0.37  10          52   60 5  
24908   1977  5 2 10     4  0    4   23    1 0.37              15      6  
24908   1977  5 2 15     6  0    1    1    0                           6  
24908   1977 10 2 20    10  0    3    4    1                           0  
24908   1977 12 2 20    10  0   33   43   25 0.17              56      0  
24908   1978  1 2 20    10  0   46   63   33 0.16              74      0  
24908   1978  1 2 31    10  0   45   59   33 0.18              81      0  
24908   1978  2 2 10    10  0   46   62   35 0.18              83      0  
24908   1978  2 2 20    10  0   55   69   38 0.19             105      0  
24908   1978  2 2 28    10  0   51   65   30 0.20             102      0  
24908   1978  3 2 10    10  0   51   65   32 0.20             102      0  
24908   1978  3 2 20    10  0   52   68   30 0.21             109      0  
24908   1978  3 2 31    10  0   49   66   24 0.21             103      0  
24908   1978  4 2  5    10  0   43   64   19 0.22              95      0  
24908   1978  4 2 10    10  0   42   59   15 0.26             109      0  
24908   1978  4 2 15    10  0   45   61   14 0.22                      0  
24908   1978  4 2 20    10  0   44   64   22 0.22              97      0  
24908   1978  4 2 25    10  0   25   45    1 0.25              63      0  
24908   1978  4 2 30    10  0   18   34    3 0.33              59      5  
24908   1978  5 2  5     3  0    3   20    3 0.28               8      6  
24908   1978 11 2 20    10      10   16    6 0.10              10      0  
24908   1978 12 2 20    10  0   18   37    5 0.16              29      0  
24908   1979  1 2 20    10  0   32   42   23 0.18              58      0  
24908   1979  1 2 31    10  0   35   44   25 0.17              60      0  
24908   1979  2 2 10    10  0   48   62   29 0.16              77      0  
24908   1979  2 2 20    10  0   46   55   29 0.17              78      0  
24908   1979  2 2 28    10  0   48   62   33 0.18              86      1  
24908   1979  3 2 10    10  0   55   70   39 0.20             110      0  
24908   1979  3 2 20    10  0   49   57   31 0.20              98      0  
24908   1979  3 2 31    10  0   47   62   29 0.20              94      0  
24908   1979  4 2  5    10  0   49   58   34 0.20              98      0  
24908   1979  4 2 10    10  0   47   64   19 0.21                      0  
24908   1979  4 2 15    10  0   43   60   19 0.21              90      0  
24908   1979  4 2 20    10  0   46   60   26 0.23             106      0  
24908   1979  4 2 25    10  0   41   59   25 0.23              94      0  
24908   1979  4 2 30    10  0   30   47    9 0.27              81      0  
24908   1979  5 2  5    10  0   23   38   10 0.33      19      76   91 0  
24908   1979  5 2 10     9  0   20   40    0 0.34      17  0   68   82 5  
24908   1979  5 2 15     9  0    8   20    0 0.36       9      29   36 5  
24908   1979 10 2 20    10  0    9   13    4 0.20              18      0  
24908   1979 11 2 20    10  0   21   36   14 0.19              40      0  
24908   1979 12 2 20    10  0   36   47   23 0.18              65      0  
24908   1980  1 2 20    10  0   37   51   24 0.17              63      0  
24908   1980  1 2 31    10  0   42   58   33 0.19              80      0  
24908   1980  2 2 10    10  0   41   53   25 0.18              74      0  
24908   1980  2 2 20    10  0   43   55   28 0.18              77      0  
24908   1980  2 2 29    10  0   48   58   23 0.18              86      0  
24908   1980  3 2 10    10  0   50   70   31 0.19              95      1  
24908   1980  3 2 20    10  0   49   62   30 0.19              93      0  
24908   1980  3 2 31    10  0   46   59   25 0.19              87      0  
24908   1980  4 2  5    10      48   57   31 0.20              96      0  
24908   1980  4 2 10    10      47   55   29 0.20              94      0  
24908   1980  4 2 15    10      43   60   21 0.20              86      0  
24908   1980  4 2 20    10      38   49   26 0.21              80      0  
24908   1980  4 2 25    10      28   44    4 0.23              64      0  
24908   1980  4 2 30    10      28   48    3 0.26              73      0  
24908   1980  5 2  5     9      20   45    0 0.26              52      0  
24908   1980 10 2 20    10       6   10    2 0.10               6      0  
24908   1980 11 2 20    10      27   35   19 0.14              38      0  
24908   1980 12 2 20    10      41   55   27 0.15              62      0  
24908   1981  1 2 20    10      45   57   25 0.16              72      0  
24908   1981  1 2 31    10      49   60   32 0.16              78      0  
24908   1981  2 2 10    10      54   68   39 0.17              92      0  
24908   1981  2 2 20    10      54   68   40 0.17              92      0  
24908   1981  2 2 28    10      53   64   39 0.17              90      0  
24908   1981  3 2 10    10      58   69   40 0.18             104      0  
24908   1981  3 2 20    10      49   62   29 0.20              98      0  
24908   1981  3 2 31    10      49   65   25 0.20              98      0  
24908   1981  4 2  5    10      47   62   25 0.20              94      0  
24908   1981  4 2 10    10      46   65   20 0.20              92      0  
24908   1981  4 2 15    10      33   56    2 0.29              96      0  
24908   1981  4 2 20    10      23   48    2 0.29              67      0  
24908   1981  4 2 25     9      13   32    1 0.29              38      5  
24908   1981  4 2 30     5       5   26    2 0.34              17      5  
24908   1981 10 2 20    10       5    8    3 0.11               6      0  
24908   1981 11 2 20    10      13   17    5 0.11              14      0  
24908   1981 12 2 20    10      20   29   10 0.13              26      0  
24908   1982  1 2 20    10      42   51   28 0.13              55      0  
24908   1982  1 2 31    10      39   49   23 0.13              51      0  
24908   1982  2 2 10    10      38   49   25 0.13              49      0  
24908   1982  2 2 20    10      38   50   30 0.16              61      0  
24908   1982  2 2 28    10      41   51   31 0.16              66      0  
24908   1982  3 2 10    10      44   54   33 0.16              70      0  
24908   1982  3 2 20    10      42   54   30 0.17              71      0  
24908   1982  3 2 31    10      41   54   29 0.18              74      0  
24908   1982  4 2  5    10      30   41   17 0.21              63      0  
24908   1982  4 2 10    10      29   45   15 0.24              70      0  
24908   1982  4 2 15    10      26   42   13 0.24              62      0  
24908   1982  4 2 20     9      14   26    0 0.28              39      1  
24908   1982  4 2 25    10      34   59   20 0.18              61      0  
24908   1982  4 2 30    10      21   41    9 0.26              55      0  
24908   1982  5 2  5    10      10   25    2 0.30              30      0  
24908   1982  5 2 10     7       8   27    0 0.33              26      1  
24908   1982  5 2 15     4       3   26    0 0.33              10      1  
24908   1982 10 2 10    10      20   27   11 0.12              24      0  
24908   1982 10 2 20    10      18   25   13 0.15              27      0  
24908   1982 11 2 20    10      41   56   27 0.15              62      0  
24908   1982 12 2 20    10      51   64   39 0.18              92      0  
24908   1983  1 2 20    10      63   77   49 0.18             113      0  
24908   1983  1 2 31    10      66   78   57 0.19             125      0  
24908   1983  2 2 10    10      72   90   50 0.19             137      0  
24908   1983  2 2 20    10      72   89   49 0.19             137      0  
24908   1983  2 2 28    10      69   84   54 0.20             138      0  
24908   1983  3 2 10    10      70   85   53 0.20             140      0  
24908   1983  3 2 20    10      69   79   57 0.22             152      0  
24908   1983  3 2 31    10      73   88   59 0.22             161      0  
24908   1983  4 2  5    10      75   90   55 0.22             165      0  
24908   1983  4 2 10    10      73   94   53 0.23             168      0  
24908   1983  4 2 15    10      70   87   47 0.24             168      0  
24908   1983  4 2 20    10      68   86   45 0.25             170      0  
24908   1983  4 2 25    10      69   86   52 0.25             173      0  
24908   1983  4 2 30    10      58   77   36 0.30             174      0  
24908   1983  5 2  5    10      49   66   29 0.30             147      0  
24908   1983  5 2 10    10      41   62   12 0.31             127      0  
24908   1983  5 2 15    10      27   42    7 0.33              89      0  
24908   1983  5 2 20     7      13   40    0 0.33              43      1  
24908   1983 10 2 20    10       3    5    1                           0  
24908   1983 11 2 20    10      13   21    6 0.12              16      0  
24908   1983 12 2 20    10      31   45   20 0.14              43      0  
24908   1984  1 2 20    10      40   58   29 0.15              60      0  
24908   1984  1 2 31    10      38   55   26 0.18              68      0  
24908   1984  2 2 10    10      40   56   28 0.18              72      0  
24908   1984  2 2 20    10      44   59   30 0.18              79      0  
24908   1984  2 2 29    10      44   62   32 0.18              79      0  
24908   1984  3 2 10    10      45   64   34 0.18              81      0  
24908   1984  3 2 20    10      49   69   35 0.18              88      0  
24908   1984  3 2 31    10      46   65   35 0.20              92      0  
24908   1984  4 2  5    10      49   64   38 0.20              98      0  
24908   1984  4 2 10    10      45   65   16 0.22                      0  
24908   1984  4 2 15    10      43   59   17 0.21              90      0  
24908   1984  4 2 20    10      43   61   24 0.22              95      0  
24908   1984  4 2 25    10      51   71   29 0.22             112      0  
24908   1984  4 2 30    10      37   65   22 0.24              89      0  
24908   1984  5 2  5     8      10   38    0 0.40              40      0  
24908   1984 10 2 10     9       1    3    0                           1  
24908   1984 10 2 20    10      16   21   12 0.10              16      0  
24908   1984 11 2 20    10      24   33   17 0.14              34      0  
24908   1984 12 2 20    10      37   48   25 0.16              59      0  
24908   1985  1 2 20    10      45   58   34 0.16              72   72 0 1
24908   1985  1 2 31    10      49   61   35 0.17              83   83 0 3
24908   1985  2 2 10    10      52   65   42 0.18              94   94 0 1
24908   1985  2 2 20    10      51   65   41 0.18              92   92 0 1
24908   1985  2 2 28    10      52   65   44 0.18              94   94 0 1
24908   1985  3 2 10    10      54   66   40 0.18              97   97 0 1
24908   1985  3 2 20    10      54   66   43 0.18              97   97 0 1
24908   1985  3 2 31    10      53   61   43 0.19             101  101 0 1
24908   1985  4 2  5    10      52   64   39 0.19              99   99 0 1
24908   1985  4 2 10    10      50   60   40 0.20             100  100 0 1
24908   1985  4 2 15    10      39   56   17 0.22              86   86 0 3
24908   1985  4 2 20    10      24   40    8 0.24              58   58 9 5
24908   1985  4 2 25     9      13   32    0 0.28              36   36 9 5
24908   1985  4 2 30     9      13   41    0 0.31              40   40 9 2
24908   1985  5 2  5     7       7   30    0 0.32              22   22 9 5
24908   1985 10 2 20    10       4    8    1                           0 4
24908   1985 11 2 20    10      20   27    8 0.18              36   36 0 1
24908   1985 12 2 20    10      26   36   20 0.13              34   34 0 1
24908   1986  1 2 20    10      34   45   22 0.15              51   51 0 1
24908   1986  1 2 31    10      35   45   28 0.15              53   53 0 1
24908   1986  2 2 10    10      40   50   32 0.16              64   64 0 1
24908   1986  2 2 20    10      40   52   33 0.16              64   64 0 1
24908   1986  2 2 28    10      37   49   23 0.18              67   67 0 1
24908   1986  3 2 10    10      42   53   33 0.17              71   71 0 1
24908   1986  3 2 20    10      42   55   33 0.18              76   76 0 1
24908   1986  3 2 31    10      47   60   36 0.18              85   85 0 1
24908   1986  4 2  5    10      49   63   33 0.18              88   88 0 1
24908   1986  4 2 10    10      51   65   39 0.18              92   92 0 1
24908   1986  4 2 15    10      49   66   32 0.19              93   93 0 1
24908   1986  4 2 20    10      48   61   28 0.21             101  101 0 1
24908   1986  4 2 25    10      27   47    6 0.22              59   59 9 5
24908   1986  4 2 30    10      20   37    2 0.27              54   54 0 5
24908   1986  5 2  5    10      20   40    6 0.27              54   54 0 3
24908   1986  5 2 10    10      15   34    1 0.30              45   45 9 5
24908   1986 10 2 20    10       4    8    1 0.09               4    4 0 2
24908   1986 11 2 20    10      18   24   10 0.11              20   20 0 1
24908   1986 12 2 20    10      30   41   23 0.16              48   48 0 1
24908   1987  1 2 20    10      40   56   29 0.16              64   64 0 1
24908   1987  1 2 31    10      42   55   30 0.16              67   67 0 1
24908   1987  2 2 10    10      42   55   33 0.18              76   76 0 1
24908   1987  2 2 20    10      42   59   34 0.18              76   76 0 1
24908   1987  2 2 28    10      45   55   38 0.18              81   81 0 1
24908   1987  3 2 10    10      46   60   32 0.18              83   83 0 1
24908   1987  3 2 20    10      49   66   34 0.18              88   88 0 1
24908   1987  3 2 31    10      46   58   35 0.19              87   87 0 1
24908   1987  4 2  5    10      46   57   35 0.19              87   87 0 1
24908   1987  4 2 10    10      46   54   30 0.19              87   87 0 1
24908   1987  4 2 15    10      34   45   24 0.25              85   85 0 1
24908   1987  4 2 20    10      32   53   15 0.26              83   83 0 3
24908   1987  4 2 25    10      27   46    5 0.30              81   81 0 3
24908   1987  4 2 30    10      21   38    6 0.28              59   59 9 5
24908   1987  5 2  5    10      11   35    1 0.30              33   33 9 5
24908   1987  5 2 10     4       2   17                                9 3
24908   1987 10 2 20    10       8   13    4 0.13              10   10 0 1
24908   1987 11 2 20    10      26   34   20 0.13              34   34 0 1
24908   1987 12 2 20    10      40   51   31 0.15              60   60 0 1
24908   1988  1 2 20    10      46   54   37 0.16              74   74 0 1
24908   1988  1 2 31    10      46   56   30 0.17              78   78 0 1
24908   1988  2 2 10    10      49   59   35 0.17              83   83 0 1
24908   1988  2 2 20    10      52   60   36 0.17              88   88 0 1
24908   1988  2 2 29    10      51   62   34 0.18              92   92 0 1
24908   1988  3 2 10    10      51   60   35 0.20             102  102 0 1
24908   1988  3 2 20    10      50   64   31 0.21             105  105 0 1
24908   1988  3 2 31    10      54   67   31 0.21             113  113 0 3
24908   1988  4 2  5    10      54   68   34 0.21             113  113 0 1
24908   1988  4 2 10    10      39   59   15 0.23              90   90 0 3
24908   1988  4 2 15    10      32   50    2 0.25              80   80 0 1
24908   1988  4 2 20    10      20   46    0 0.26              52   52 0 3
24908   1988  4 2 25     7      11   40      0.30              33   33 9 3
24908   1988  4 2 30    10      15   47    2 0.30              45   45 0 3
24908   1988  5 2  5     2       4   30                                9 5
24908   1988 10 2 20    10       2    4    1                           0 1
24908   1988 11 2 20    10      28   38   18 0.16              45   45 0 1
24908   1988 12 2 20    10      35   50   25 0.17              60   60 0 1
24908   1989  1 2 20    10      46   64   33 0.17              78   78 0 1
24908   1989  1 2 31    10      48   61   36 0.17              82   82 0 1
24908   1989  2 2 10    10      47   56   38 0.18              85   85 0 1
24908   1989  2 2 20    10      47   61   40 0.18              85   85 0 1
24908   1989  2 2 28    10      52   67   40 0.18              94   94 0 1
24908   1989  3 2 10    10      56   75   41 0.19             106  106 0 1
24908   1989  3 2 20    10      59   79   41 0.19             112  112 0 1
24908   1989  3 2 31    10      51   71   33 0.20             102  102 0 3
24908   1989  4 2  5    10      48   64   35 0.20              96   96 0 3
24908   1989  4 2 10    10      44   69   23 0.23             101  101 0 3
24908   1989  4 2 15    10      43   60   25 0.24             103  103 0 3
24908   1989  4 2 20    10      44   63   23 0.24             106  106 0 1
24908   1989  4 2 25    10      48   70   30 0.25             120  120 0 3
24908   1989  4 2 30    10      37   62   14 0.27             100  100 1 5
24908   1989  5 2  5    10      27   40    1 0.28              76   76 0 5
24908   1989  5 2 10     8      15   38      0.30              45   45 9 5
24908   1989 10 2 20    10       6   14    1 0.20              12   12 1 2
24908   1989 11 2 20    10      23   35   12 0.16              37   37 0 1
24908   1989 12 2 20    10      34   47   15 0.16              54   54 0 1
24908   1990  1 2 20    10      38   52   28 0.16              61   61 0 1
24908   1990  1 2 31    10      38   53   25 0.17              65   65 0 1
24908   1990  2 2 10    10      46   59   28 0.17              78   78 0 1
24908   1990  2 2 20    10      46   60   26 0.18              83   83 0 1
24908   1990  2 2 28    10      49   62   30 0.18              88   88 0 1
24908   1990  3 2 10    10      47   61   30 0.19              89   89 0 3
24908   1990  3 2 20    10      45   62   21 0.21              95   95 0 1
24908   1990  3 2 31    10      40   55   22 0.24              96   96 0 1
24908   1990  4 2  5    10      30   52    7 0.26              78   78 0 4
24908   1990  4 2 10    10      29   54    7 0.26              75   75 0 4
24908   1990  4 2 15    10      28   50    1 0.26              73   73 0 4
24908   1990  4 2 20    10      27   55    2 0.26              70   70 0 4
24908   1990  4 2 25    10      22   52    1 0.27              59   59 0 4
24908   1990  4 2 30    10      20   44    3 0.27              54   54 0 2
24908   1990  5 2  5     7       7   31      0.30              21   21 9 5
24908   1990 11 2 20    10      15   19    8 0.08              12   12 0 1
24908   1990 12 2 20    10      33   45   15 0.14              46   46 0 1
24908   1991  1 2 20    10      35   46   17 0.15              53   53 0 1
24908   1991  1 2 31    10      35   47   18 0.16              56   56 0 1
24908   1991  2 2 10    10      39   50   20 0.16              62   62 0 1
24908   1991  2 2 20    10      38   52   25 0.17              65   65 0 1
24908   1991  2 2 28    10      39   52   21 0.18              70   70 0 1
24908   1991  3 2 10    10      41   51   24 0.18              74   74 0 1
24908   1991  3 2 20    10      40   51   25 0.19              76   76 0 1
24908   1991  3 2 31    10      39   52   19 0.20              78   78 0 5
24908   1991  4 2  5    10      38   50   25 0.21              80   80 0 2
24908   1991  4 2 10    10      36   47   21 0.23              83   83 0 2
24908   1991  4 2 15    10      39   58    8 0.23              90   90 0 2
24908   1991  4 2 20    10      26   47    9 0.24              62   62 0 5
24908   1991  4 2 25     8      16   40      0.27              43   43 9 5
24908   1991  4 2 30     6      10   33      0.29              29   29 9 5
24908   1991 10 2 20     8       2    5                                9 5
24908   1991 11 2 20    10      18   24   14 0.12              22   22 0 1
24908   1991 12 2 20    10      33   45   18 0.13              43   43 0 1
24908   1992  1 2 20    10      41   55   28 0.14              57   57 0 1
24908   1992  1 2 31    10      43   56   26 0.17              73   73 0 1
24908   1992  2 2 10    10      46   57   35 0.17              78   78 0 1
24908   1992  2 2 20    10      46   58   31 0.19              87   87 0 1
24908   1992  2 2 29    10      47   58   34 0.19              89   89 0 1
24908   1992  3 2 10    10      47   57   37 0.19              89   89 0 1
24908   1992  3 2 20    10      44   56   29 0.21              92   92 0 3
24908   1992  3 2 31    10      51   66   25 0.21             107  107 0 3
24908   1992  4 2  5    10      46   62   30 0.22             101  101 0 3
24908   1992  4 2 10    10      53   67   36 0.22             117  117 0 1
24908   1992  4 2 15    10      46   60   24 0.22             101  101 0 2
24908   1992  4 2 20    10      43   57   27 0.23              99   99 0 3
24908   1992  4 2 25    10      46   62   20 0.23             106  106 0 1
24908   1992  4 2 30    10      43   57   22 0.23              99   99 0 5
24908   1992  5 2  5    10      30   44   11 0.25              75   75 0 2
24908   1992  5 2 10     7      11   28      0.27              30   30 0 5
24908   1992  9 2 30    10       1    2    0                           0 1
24908   1992 10 2 20    10       2    4    1                           0 1
24908   1992 11 2 20    10      13   21    8 0.10              13   13 0 1
24908   1992 12 2 20    10      23   29   14 0.12              28   28 0 1
24908   1993  1 2 20    10      28   37   20 0.13              36   36 0 1
24908   1993  1 2 31    10      31   40   20 0.14              43   43 0 1
24908   1993  2 2 10    10      36   45   25 0.15              54   54 0 1
24908   1993  2 2 20    10      39   51   28 0.16              62   62 0 1
24908   1993  2 2 28    10      39   50   25 0.17              66   66 0 1
24908   1993  3 2 10    10      37   50   23 0.18              67   67 0 3
24908   1993  3 2 20    10      34   42   22 0.21              71   71 0 3
24908   1993  3 2 31    10      32   50   18 0.23              74   74 0 3
24908   1993  4 2  5    10      33   47   11 0.23              76   76 0 3
24908   1993  4 2 10    10      29   40   10 0.24              70   70 0 4
24908   1993  4 2 15     8      15   37      0.28              42   42 9 5
24908   1993  4 2 20     6       7   19      0.30              21   21 9 5
24908   1993  4 2 25     5       6   24      0.27              16   16 9 5
24908   1993  5 2  5    10       3    5    2                           0 1
24908   1993  5 2 15    10       3    5    2                           1 2
24908   1993 10 2 31    10       5    8    2 0.10               5    5 0 1
24908   1993 11 2 20    10      15   23   10 0.13              20   20 0 1
24908   1993 12 2 20    10      33   45   25 0.13              43   43 0 1
24908   1994  1 2 20    10      36   42   28 0.14              50   50 0 1
24908   1994  1 2 31    10      40   50   28 0.18              72   72 0 1
24908   1994  2 2 10    10      40   47   30 0.18              72   72 0 1
24908   1994  2 2 20    10      43   54   34 0.18              77   77 0 1
24908   1994  2 2 28    10      45   52   33 0.20              90   90 0 1
24908   1994  3 2 10    10      47   56   34 0.19              89   89 0 1
24908   1994  3 2 20    10      45   52   35 0.19              86   86 0 1
24908   1994  3 2 31    10      41   50   31 0.21              86   86 0 3
24908   1994  4 2  5    10      51   63   40 0.19              97   97 0 1
24908   1994  4 2 10    10      48   59   35 0.23             110  110 0 3
24908   1994  4 2 15    10      49   57   36 0.22             108  108 0 3
24908   1994  4 2 20    10      45   55   27 0.23             104  104 0 2
24908   1994  4 2 25    10      49   64   31 0.23             113  113 0 2
24908   1994  4 2 30    10      46   60   29 0.25             115  115 0 5
24908   1994  5 2  5     9      22   42      0.27              59   59 9 2
24908   1994  5 2 10     7      11   28      0.29              32   32 9 5
24908   1994  5 2 15     8      12   28      0.32              38   38 9 5
24908   1994 10 2 31    10      14   17   11 0.09              13   13 0 1
24908   1994 11 2 20    10      19   25   14 0.13              25   25 0 1
24908   1994 12 2 20    10      25   37   15 0.16              40   40 0 1
24908   1995  1 2 20    10      40   49   33 0.17              68   68 3 1
24908   1995  1 2 31    10      36   46   23 0.19              68   68 3 1
24908   1995  2 2 10    10      41   51   24 0.19              78   78 3 1
24908   1995  2 2 20    10      40   52   30 0.20              80   80 0 3
24908   1995  2 2 28    10      43   56   33 0.19              82   82 0 1
24908   1995  3 2 10    10      46   56   35 0.19              87   87 0 1
24908   1995  3 2 20    10      47   58   30 0.20              94   94 0 1
24908   1995  3 2 31    10      42   51   29 0.23              97   97 0 2
24908   1995  4 2  5    10      38   50   21 0.23              87   87 0 3
24908   1995  4 2 10    10      42   53   20 0.23              97   97 0 3
24908   1995  4 2 15    10      38   50   18 0.24              91   91 0 3
24908   1995  4 2 20    10      36   46   10 0.25              90   90 0 3
24908   1995  4 2 25    10      36   49   11 0.25              90   90 0 3
24908   1995  4 2 30    10      34   47   14 0.27              92   92 9 3
24908   1995  5 2  5     7      12   30      0.29              35   35 9 5
24908   1995  5 2 10     6       2   16      0.38               8    8 9 5
24908   1995 10 2 20     6       0    0                                9 3
24908   1995 11 2 20    10      25   33   19 0.15              38   38 0 0
24908   1995 12 2 20    10      36   46   21 0.18              65   65 0 1
24908   1996  1 2 20    10      44   52   31 0.19              84   84 0 3
24908   1996  1 2 31    10      47   55   36 0.19              89   89 0 3
24908   1996  2 2 10    10      48   60   33 0.19              91   91 0 3
24908   1996  2 2 20    10      49   61   33 0.19              93   93 0 3
24908   1996  2 2 29    10      48   60   32 0.20              96   96 0 1
24908   1996  3 2 10    10      47   60   33 0.20              94   94 0 3
24908   1996  3 2 20    10      49   59   33 0.20              98   98 0 3
24908   1996  3 2 31    10      46   60   35 0.21              97   97 0 3
24908   1996  4 2  5    10      46   59   32 0.21              97   97 0 3
24908   1996  4 2 10    10      45   58   28 0.22              99   99 0 3
24908   1996  4 2 15    10      42   54   24 0.22              92   92 0 3
24908   1996  4 2 20    10      44   56   21 0.23             101  101 0 1
24908   1996  4 2 25    10      42   55   20 0.25             105  105 0 1
24908   1996  4 2 30    10      41   53   23 0.26             107  107 0 1
24908   1996  5 2  5    10      32   48   15 0.28              90   90 0 2
24908   1996  5 2 10     7      10   28      0.36              36   36 9 5
24908   1996 10 2 10    10       4    9    1 0.21               8    8 1 5
24908   1996 10 2 20    10       4   10    1 0.19               8    8 0 1
24908   1996 11 2 20    10      14   19    9 0.18              25   25 0 1
24908   1996 12 2 20    10      32   43   25 0.18              58   58 0 1
24908   1997  1 2 20    10      39   46   25 0.18              70   70 0 1
24908   1997  1 2 31    10      41   52   27 0.19              78   78 0 1
24908   1997  2 2 10    10      43   54   30 0.20              86   86 0 1
24908   1997  2 2 20    10      47   56   26 0.20              94   94 0 1
24908   1997  2 2 28    10      49   63   28 0.20              98   98 0 1
24908   1997  3 2 10    10      51   64   30 0.20             102  102 0 3
24908   1997  3 2 20    10      49   60   30 0.21             103  103 0 3
24908   1997  3 2 31    10      47   58   28 0.22             103  103 0 3
24908   1997  4 2  5    10      37   50    7 0.23              85   85 0 5
24908   1997  4 2 10    10      25   40    3 0.25              63   63 0 7
24908   1997  4 2 15     8      12   30      0.32              38   38 9 7
24908   1997  5 2  5     9       2    6                                9 2
24908   1997 10 2 20    10      10   13    7 0.18              18   18 0 0
24908   1997 11 2 20    10      17   23   10 0.12              20   20 0 1
24908   1997 12 2 20    10           31   13 0.16                      0 1
24908   1998  1 2 20    10           36   18 0.16                      0 1
24908   1998  1 2 31    10           40   18 0.16                      0 1
24908   1998  2 2 10    10      30   40   19 0.16              48   48 0 1
24908   1998  2 2 20    10      34   45   20 0.17              58   58 0 1
24908   1998  2 2 28    10      37   50   21 0.18              67   67 0 1
24908   1998  3 2 10    10      32   42   18 0.18              58   58 0 3
24908   1998  3 2 20    10      32   44   14 0.19              61   61 0 3
24908   1998  3 2 31    10      31   44   12 0.21              65   65 0 3
24908   1998  4 2  5    10      24   35    9 0.24              58   58 0 3
24908   1998  4 2 10    10      26   37    3 0.24              62   62 0 4
24908   1998  4 2 15    10      22   33    5 0.27              59   59 0 4
24908   1998  4 2 20    10      24   42    5 0.25              60   60 0 4
24908   1998  4 2 25    10      22   39    5 0.26              57   57 0 4
24908   1998  4 2 30    10      21   38      0.28              59   59 0 5
24908   1998  5 2  5     9      12   26      0.30              36   36 9 5
24908   1998  5 2 10     3       2   13                                9 5
24908   1998 10 2 20    10       7   12    2 0.18              13   13 0 5
24908   1998 11 2 20    10           23    9 0.17                      0 1
24908   1998 12 2 20    10      27   36   11 0.17              46   46 0 1
24908   1999  1 2 20    10      34   43   23 0.18              61   61 0 1
24908   1999  1 2 31    10      35   44   24 0.18              63   63 0 1
24908   1999  2 2 10    10      38   52   21 0.18              68   68 0 1
24908   1999  2 2 20    10      44   54   30 0.18              79   79 0 1
24908   1999  2 2 28    10      43   52   32 0.18              77   77 0 1
24908   1999  3 2 10    10      41   51   29 0.20              82   82 0 1
24908   1999  3 2 20    10      40   50   27 0.20              80   80 0 1
24908   1999  3 2 31    10      45   54   27 0.22              99   99 0 1
24908   1999  4 2  5    10      44   57   26 0.22              97   97 0 3
24908   1999  4 2 10    10      32   45    7 0.25              80   80 0 4
24908   1999  4 2 15    10      25   40    4 0.25              63   63 0 2
24908   1999  4 2 20    10      27   42    7 0.27              73   73 0 3
24908   1999  4 2 25    10      25   41    3 0.29              73   73 0 3
24908   1999  4 2 30    10      29   43    4 0.29              84   84 0 5
24908   1999  5 2  5     7      11   33      0.37              41   41 9 5
24908   1999  9 2 30     7       2    6                                9 4
24908   1999 10 2 20    10       2    4    1                           0 1
24908   1999 11 2 20    10      11   15    7 0.15              17   17 0 1
24908   1999 12 2 20    10      20   25   13 0.16              32   32 0 1
24908   2000  1 2 20    10      28   36   21 0.17              48   48 0 1
24908   2000  1 2 31    10      28   36   21 0.17              48   48 0 1
24908   2000  2 2 10    10      32   37   24 0.17              54   54 0 1
24908   2000  2 2 20    10      33   40   24 0.18              59   59 0 1
24908   2000  2 2 29    10      39   47   30 0.18              70   70 0 1
24908   2000  3 2 10    10      39   46   25 0.18              70   70 0 1
24908   2000  3 2 20    10      39   46   24 0.18              70   70 0 1
24908   2000  3 2 31    10      38   45   26 0.19              72   72 0 3
24908   2000  4 2  5    10      37   46   22 0.19              70   70 0 3
24908   2000  4 2 10    10      37   47   22 0.22              81   81 0 2
24908   2000  4 2 15    10      35   45   18 0.24              84   84 0 5
24908   2000  4 2 20     9       7   19      0.29              20   20 0 9
24908   2000  4 2 25     4       3   15      0.37              11   11 9 5
24908   2000  4 2 30     3       1   10                                9 5
24908   2000 10 2  4    10       3    5    1                           1 2
24908   2000 10 2 20    10       6   10    2 0.12               7    7 0 1
24908   2000 11 2 20    10      19   26   13 0.13              25   25 0 1
24908   2000 12 2 20    10      22   29   14 0.13              29   29 0 1
24908   2001  1 2 20    10      27   35   19 0.15              41   41 0 1
24908   2001  1 2 31    10      31   40   23 0.15              47   47 0 1
24908   2001  2 2 10    10      32   42   22 0.16              51   51 0 1
24908   2001  2 2 20    10      37   45   28 0.16              59   59 0 1
24908   2001  2 2 28    10      39   51   26 0.16              62   62 0 1
24908   2001  3 2 10    10      42   53   28 0.16              67   67 0 1
24908   2001  3 2 20    10      44   55   38 0.18              79   79 0 3
24908   2001  3 2 31    10      46   55   26 0.20              92   92 0 1
24908   2001  4 2  5    10      46   58   29 0.20              92   92 0 1
24908   2001  4 2 10    10      44   57   28 0.21              92   92 0 1
24908   2001  4 2 15    10      42   53   26 0.22              92   92 0 3
24908   2001  4 2 20    10      40   53   23 0.23              92   92 0 3
24908   2001  4 2 25    10      22   39    0 0.27              59   59 0 5
24908   2001  4 2 30    10      24   38    1 0.27              65   65 0 1
24908   2001  5 2  5    10      25   44    3 0.27              68   68 0 2
24908   2001  5 2 10     5       4   17                                9 5
24908   2001 10 2  6    10       2    3    1                           1 1
24908   2001 10 2 20     6       1    2                                9 5
24908   2001 11 2 20    10      10   19    1 0.20              20   20 0 5
24908   2001 12 2 20    10      17   26    8 0.17              29   29 0 1
24908   2002  1 2 20    10      36   46   21 0.17              61   61 0 1
24908   2002  1 2 31    10      38   51   21 0.17              65   65 0 1
24908   2002  2 2 10    10      38   51   21 0.17              65   65 0 1
24908   2002  2 2 20    10      47   59   27 0.19              89   89 3 3
24908   2002  2 2 28    10      45   59   27 0.20              90   90 3 3
24908   2002  3 2 10    10      44   60   22 0.22              97   97 3 2
24908   2002  3 2 20    10      41   56   21 0.22              90   90 3 1
24908   2002  3 2 31    10      48   66   26 0.22             106  106 3 1
24908   2002  4 2  5    10      53   69   27 0.22             117  117 3 1
24908   2002  4 2 10    10      51   64   26 0.22             112  112 3 1
24908   2002  4 2 15    10      50   65   26 0.23             115  115 3 1
24908   2002  4 2 20    10      48   59   26 0.23             110  110 3 3
24908   2002  4 2 25    10      43   59   23 0.25             108  108 3 5
24908   2002  4 2 30    10      31   45   15 0.26              81   81 3 3
24908   2002  5 2  5    10      24   40   12 0.29              70   70 0 5
24908   2002  5 2 10     3       2   15                                9 5
24908   2002 10 2  2    10       2    4    1                           0 2
24908   2002 10 2 20    10       8   11    7 0.11               9    9 0 1
24908   2002 11 2 20    10      20   28   16 0.12              24   24 0 1
24908   2002 12 2 20    10      29   34   19 0.14              41   41 0 1
24908   2003  1 2 20    10      41   52   30 0.15              62   62 0 1
24908   2003  1 2 31    10      44   56   37 0.16              70   70 0 1
24908   2003  2 2 10    10      47   55   40 0.17              80   80 0 1
24908   2003  2 2 20    10      48   58   36 0.18              86   86 0 1
24908   2003  2 2 28    10      47   54   32 0.19              89   89 0 1
24908   2003  3 2 10    10      49   55   38 0.19              93   93 0 1
24908   2003  3 2 20    10      47   55   32 0.20              94   94 0 1
24908   2003  3 2 31    10      42   50   27 0.22              92   92 0 1
24908   2003  4 2  5    10      41   51   28 0.23              94   94 0 3
24908   2003  4 2 10    10      38   50   20 0.23              87   87 0 3
24908   2003  4 2 15    10      42   51   22 0.23              97   97 0 1
24908   2003  4 2 20    10      35   48   16 0.25              88   88 0 5
24908   2003  4 2 25    10      34   45   18 0.25              85   85 0 3
24908   2003  4 2 30    10      32   45   15 0.28              90   90 0 5
24908   2003  5 2  5    10      32   46   16 0.29              93   93 0 5
24908   2003  5 2 10    10      19   31    1 0.30              57   57 0 5
24908   2003  5 2 15     2       1   12                                9 5
24908   2003 10 2  8    10       1    2    0                           0 0
24908   2003 10 2 20    10       3    5    0                           1 0
24908   2003 11 2 20    10      14   19   10 0.13              18   18 0 1
24908   2003 12 2 20    10      21   27   16 0.13              27   27 0 1
24908   2004  1 2 20    10      32   38   21 0.17              54   54 0 1
24908   2004  1 2 31    10      33   40   24 0.17              56   56 0 1
24908   2004  2 2 10    10      36   43   27 0.18              65   65 0 1
24908   2004  2 2 20    10      39   46   31 0.18              70   70 0 1
24908   2004  2 2 29    10      45   52   35 0.18              81   81 0 1
24908   2004  3 2 10    10      47   56   35 0.19              89   89 0 1
24908   2004  3 2 20    10      49   63   35 0.19              93   93 0 1
24908   2004  3 2 31    10      50   62   40 0.20             100  100 0 1
24908   2004  4 2  5    10      49   67   32 0.20              98   98 0 1
24908   2004  4 2 10    10      46   60   34 0.21              97   97 0 1
24908   2004  4 2 15    10      48   67   33 0.22             106  106 0 1
24908   2004  4 2 20    10      45   57   30 0.23             104  104 0 3
24908   2004  4 2 25    10      38   55   23 0.26              99   99 0 3
24908   2004  4 2 30    10      36   51   25 0.26              94   94 0 3
24908   2004  5 2  5    10      33   47   22 0.27              89   89 0 3
24908   2004  5 2 10    10      23   34    8 0.30              69   69 0 3
24908   2004  5 2 15    10      13   29    7 0.34              44   44 0 5
24908   2004  5 2 20     2       0    5                                9 5
24908   2004  9 2 26    10       2    4    0                           1 1
24908   2004 10 2 20    10       4    7    2                           0 1
24908   2004 11 2 20    10      15   24    7 0.13              20   20 0 1
24908   2004 12 2 20    10      21   29   14 0.14              29   29 0 1
24908   2005  1 2 20    10      28   36   13 0.15              42   42 0 1
24908   2005  1 2 31    10      32   38   25 0.15              48   48 0 1
24908   2005  2 2 10    10      32   40   20 0.15              48   48 0 1
24908   2005  2 2 20    10      32   40   23 0.17              54   54 0 1
24908   2005  2 2 28    10      32   44   23 0.17              54   54 0 1
24908   2005  3 2 10    10      32   43   24 0.17              54   54 0 1
24908   2005  3 2 20    10      33   44   25 0.19              63   63 0 1
24908   2005  3 2 31    10      33   41   20 0.20              66   66 0 3
24908   2005  4 2  5    10      33   41   20 0.20              66   66 0 3
24908   2005  4 2 10    10      32   44   21 0.21              67   67 0 3
24908   2005  4 2 15    10      29   42   18 0.21              61   61 0 3
24908   2005  4 2 20    10      21   36   10 0.23              48   48 0 3
24908   2005  4 2 25     9       9   24      0.25              23   23 9 3
24908   2005  4 2 30    10      14   28    3 0.13              18   18 0 2
24908   2005  5 2  5     9       7   28      0.25              18   18 9 5
24908   2005  5 2 10     3       1    8                                9 5
24908   2005 10 2 20    10      13   18    8 0.12              16   16 0 1
24908   2005 11 2 20    10      11   15    7 0.10              11   11 0 1
24908   2005 12 2 20    10      18   26   14 0.11              20   20 0 1
24908   2006  1 2 20    10      28   35   21 0.15              42   42 0 1
24908   2006  2 2  5    10      27   35   20 0.15              41   41 0 0
24908   2006  2 2 10    10      28   34   21 0.15              42   42 0 0
24908   2006  2 2 20    10      31   37   22 0.15              47   47 0 0
24908   2006  2 2 28    10      35   42   24 0.16              56   56 0 1
24908   2006  3 2 10    10      36   42   25 0.16              58   58 0 1
24908   2006  3 2 20    10      39   50   27 0.17              66   66 0 1
24908   2006  3 2 31    10      39   45   28 0.17              66   66 0 3
24908   2006  4 2  5    10      38   44   27 0.18              68   68 0 1
24908   2006  4 2 10    10      38   46   29 0.18              68   68 0 1
24908   2006  4 2 15    10      38   46   24 0.18              68   68 0 3
24908   2006  4 2 20    10      39   47   27 0.20              78   78 0 5
24908   2006  4 2 25    10      32   41   23 0.23              74   74 0 5
24908   2006  4 2 30    10      19   29    7 0.26              49   49 0 3
24908   2006  5 2  5    10      15   24    7 0.32              48   48 0 5
24908   2006  5 2 10     7       5   15      0.32              16   16 9 5
24908   2006  5 2 15     5       1    7                                9 2
24908   2006 10 2 12    10       4    6    2                           0 1
24908   2006 10 2 20    10       7    9    4 0.10               7    7 0 1
24908   2006 11 2 20    10      32   40   22 0.18              58   58 0 1
24908   2006 12 2 20    10      48   56   34 0.18              86   86 0 1
24908   2007  1 2 20    10      58   68   42 0.18             104  104 0 1
24908   2007  1 2 31    10      61   73   49 0.19             116  116 0 1
24908   2007  2 2 10    10      66   78   52 0.20             132  132 0 1
24908   2007  2 2 20    10      67   78   53 0.21             141  141 0 1
24908   2007  2 2 28    10      69   84   57 0.21             145  145 0 1
24908   2007  3 2 10    10      68   83   56 0.22             150  150 0 1
24908   2007  3 2 20    10      66   78   54 0.24             158  158 0 3
24908   2007  3 2 31    10      65   78   54 0.25             163  163 0 3
24908   2007  4 2  5    10      62   76   50 0.25             155  155 0 3
24908   2007  4 2 10    10      54   68   40 0.27             146  146 0 3
24908   2007  4 2 15    10      49   64   34 0.31             152  152 0 3
24908   2007  4 2 20    10      45   61   32 0.33             149  149 0 4
24908   2007  4 2 25    10      35   52   21 0.34             119  119 0 5
24908   2007  4 2 30     9      14   28      0.35              49   49 9 5
24908   2007  5 2  5     3       2   17                                9 5
24908   2007 10 2 20     6       0    1                                9 2
24908   2007 11 2 20    10       5    9    2 0.12               6    6 0 1
24908   2007 12 2 20    10      23   32   18 0.14              32   32 0 1
24908   2008  1 2 20    10      33   49   24 0.17              56   56 0 0
24908   2008  1 2 31    10      35   47   28 0.18              63   63 0 1
24908   2008  2 2 10    10      38   50   30 0.18              68   68 0 1
24908   2008  2 2 20    10      42   55   32 0.18              76   76 0 1
24908   2008  2 2 29    10      46   65   36 0.19              87   87 0 1
24908   2008  3 2 10    10      47   64   39 0.19              89   89 0 1
24908   2008  3 2 20    10      53   76   40 0.19             101  101 0 1
24908   2008  3 2 31    10      43   61   33 0.22              95   95 0 3
24908   2008  4 2  5    10      40   59   25 0.23              92   92 0 1
24908   2008  4 2 10    10      44   55   34 0.23             101  101 0 1
24908   2008  4 2 15    10      45   61   37 0.23             104  104 0 1
24908   2008  4 2 20    10      51   73   38 0.22             112  112 0 1
24908   2008  4 2 25    10      46   65   37 0.24             110  110 0 3
24908   2008  4 2 30    10      28   50   14 0.27              76   76 0 3
24908   2008  5 2  5     9      15   42      0.34              51   51 9 5
24908   2008  5 2 10     2       1   18                                9 5
24908   2008 10 2 20    10       1    1    1                           1 1
24908   2008 11 2 20    10      15   22    9 0.11              17   17 0 1
24908   2008 12 2 20    10      39   54   27 0.18              70   70 0 1
24908   2009  1 2 20    10      41   52   33 0.20              82   82 0 1
24908   2009  1 2 31    10      42   52   34 0.20              84   84 0 1
24908   2009  2 2 10    10      49   64   39 0.20              98   98 0 1
24908   2009  2 2 20    10      49   64   36 0.20              98   98 0 1
24908   2009  2 2 28    10      53   65   40 0.20             106  106 0 1
24908   2009  3 2 10    10      55   69   42 0.20             110  110 0 1
24908   2009  3 2 20    10      58   71   45 0.20             116  116 0 1
24908   2009  3 2 31    10      53   70   43 0.20             106  106 0 3
24908   2009  4 2  5    10      48   60   37 0.24             115  115 0 3
24908   2009  4 2 10    10      37   51   22 0.25              93   93 0 1
24908   2009  4 2 15    10      32   51   17 0.28              90   90 0 3
24908   2009  4 2 20    10      20   40    2 0.31              62   62 0 2
24908   2009  4 2 25     8      11   29      0.35              39   39 9 5
24908   2009  4 2 30     9       2    7                                9 2
24908   2009  5 2  5     1       0    3                                9 5
24908   2009 10 2 20    10       6    7    4 0.10               6    6 0 1
24908   2009 11 2 20    10      24   31   17 0.16              38   38 0 1
24908   2009 12 2 20    10      36   45   30 0.17              61   61 0 1
24908   2010  1 2 20    10      44   53   33 0.16              70   70 0 1
24908   2010  1 2 31    10      44   54   32 0.18              79   79 0 1
24908   2010  2 2 10    10      45   58   34 0.20              90   90 0 1
24908   2010  2 2 20    10      50   61   40 0.20             100  100 0 1
24908   2010  2 2 28    10      52   62   44 0.20             104  104 0 1
24908   2010  3 2 10    10      53   62   44 0.21             111  111 0 1
24908   2010  3 2 20    10      53   62   45 0.21             111  111 0 1
24908   2010  3 2 31    10      51   60   42 0.21             107  107 0 1
24908   2010  4 2  5    10      50   60   42 0.21             105  105 0 3
24908   2010  4 2 10    10      49   58   41 0.21             103  103 0 3
24908   2010  4 2 15    10      48   56   40 0.21             101  101 0 3
24908   2010  4 2 20    10      42   55   35 0.23              97   97 0 3
24908   2010  4 2 25    10      33   45   23 0.26              86   86 0 3
24908   2010  4 2 30     9      12   28      0.31              37   37 9 5
24908   2010  5 2  5     4       4   20                                9 5
24908   2010 10 2 20     7       0    1                                9 1
24908   2010 11 2 20    10      14   22    2 0.19              27   27 0 0
24908   2010 12 2 20    10      22   31   14 0.18              40   40 0 1
24908   2011  1 2 20    10      28   41   19 0.18              50   50 0 1
24908   2011  1 2 31    10      29   43   20 0.18              52   52 0 1
24908   2011  2 2 10    10      32   45   23 0.20              64   64 0 1
24908   2011  2 2 20    10      35   44   24 0.20              70   70 0 1
24908   2011  2 2 28    10      37   52   27 0.20              74   74 0 1
24908   2011  3 2 10    10      38   52   27 0.20              76   76 0 1
24908   2011  3 2 20    10      41   56   28 0.20              82   82 0 1
24908   2011  3 2 31    10      27   45   16 0.24              65   65 0 3
24908   2011  4 2  5    10      28   43   16 0.24              67   67 0 3
24908   2011  4 2 10    10      28   40   16 0.25              70   70 0 3
24908   2011  4 2 15    10      21   35    9 0.27              57   57 0 3
24908   2011  4 2 20    10      16   28    8 0.29              46   46 0 3
24908   2011  4 2 25     2       0    8                                9 5
24908   2011 10 2 20    10       2    4    0                           1 0
24908   2011 11 2 20    10      18   23   10 0.17              31   31 0 1
24908   2011 12 2 20    10      29   40   23 0.17              49   49 0 1
24908   2012  1 2 20    10      36   43   28 0.18              65   65 0 1
24908   2012  1 2 31    10      38   55   30 0.18              68   68 0 1
24908   2012  2 2 10    10      38   46   30 0.19              72   72 0 1
24908   2012  2 2 20    10      41   49   35 0.19              78   78 0 1
24908   2012  2 2 29    10      44   56   33 0.19              84   84 0 1
24908   2012  3 2 10    10      41   54   33 0.20              82   82 0 1
24908   2012  3 2 20    10      42   54   35 0.21              88   88 0 3
24908   2012  3 2 31    10      43   53   33 0.22              95   95 0 1
24908   2012  4 2  5    10      38   52   29 0.23              87   87 0 3
24908   2012  4 2 10    10      32   41   20 0.24              77   77 0 3
24908   2012  4 2 15    10      28   40   16 0.24              67   67 0 3
24908   2012  4 2 20    10      25   40   14 0.29              73   73 0 3
24908   2012  4 2 25    10      22   37    8 0.31              68   68 0 3
24908   2012  4 2 30    10      25   39    9 0.33              83   83 0 3
24908   2012  5 2  5     8      12   29      0.34              41   41 9 5
24908   2012  5 2 10     2       1    8                                9 5
24908   2012 10 2 20    10       4    7    3                           0 1
24908   2012 11 2 20    10      33   39   29 0.17              56   56 0 1
24908   2012 12 2 20    10      37   46   31 0.17              63   63 0 1
24908   2013  1 2 20    10      41   46   36 0.17              70   70 0 1
24908   2013  1 2 31    10      48   57   41 0.17              82   82 0 1
24908   2013  2 2 10    10      49   58   39 0.17              83   83 0 1
24908   2013  2 2 20    10      50   58   40 0.17              85   85 0 1
24908   2013  2 2 28    10      51   61   45 0.17              87   87 0 1
24908   2013  3 2 10    10      60   72   47 0.19             114  114 0 1
24908   2013  3 2 20    10      63   75   50 0.19             120  120 0 1
24908   2013  3 2 31    10      59   73   50 0.20             118  118 0 1
24908   2013  4 2  5    10      64   75   56 0.20             128  128 0 1
24908   2013  4 2 10    10      62   74   52 0.20             124  124 0 2
24908   2013  4 2 15    10      50   63   39 0.22             110  110 0 3
24908   2013  4 2 20    10      47   58   34 0.23             108  108 0 3
24908   2013  4 2 25    10      30   45   18 0.24              72   72 0 5
24908   2013  4 2 30    10      20   32    8 0.34              68   68 0 5
24908   2013  5 2  5     3       0    5                                9 5
24908   2013 10 2 20    10       1    2    0                           0 1
24908   2013 11 2 20    10      23   32   17 0.13              30   30 0 1
24908   2013 12 2 20    10      32   45   25 0.16              51   51 0 1
24908   2014  1 2 20    10      44   49   38 0.17              75   75 0 1
24908   2014  1 2 31    10      47   55   39 0.17              80   80 0 1
24908   2014  2 2 10    10      51   62   42 0.18              92   92 0 1
24908   2014  2 2 20    10      53   65   41 0.18              95   95 0 1
24908   2014  2 2 28    10      54   65   44 0.18              97   97 0 1
24908   2014  3 2 10    10      56   65   48 0.18             101  101 0 1
24908   2014  3 2 20    10      54   67   46 0.20             108  108 0 3
24908   2014  3 2 31    10      52   65   43 0.20             104  104 0 3
24908   2014  4 2 10    10      29   42   12 0.26              75   75 0 5
24908   2014  4 2 20     7       7   29      0.36              25   25 9 5
24908   2014  4 2 30     1       0   12                                9 5
24908   2014 10 2 20    10       8   15    5 0.12              10   10 0 1
24908   2014 11 2 20    10      27   36   15 0.16              43   43 0 1
24908   2014 12 2 20    10      40   53   31 0.16              64   64 0 1
24908   2015  1 2 20    10      54   71   41 0.18              97   97 0 1
24908   2015  1 2 31    10      59   78   46 0.19             112  112 0 1
24908   2015  2 2 10    10      64   84   47 0.20             128  128 0 1
24908   2015  2 2 20    10      64   85   48 0.20             128  128 0 1
24908   2015  2 2 28    10      66   87   50 0.20             132  132 0 1
24908   2015  3 2 10    10      66   87   52 0.21             139  139 0 1
24908   2015  3 2 20    10      66   89   51 0.21             139  139 0 1
24908   2015  3 2 31    10      59   87   45 0.22             130  130 0 1
24908   2015  4 2 10    10      56   84   41 0.23             129  129 0 3
24908   2015  4 2 20    10      48   75   29 0.25             120  120 0 3
24908   2015  4 2 30    10      14   40    0 0.31              43   43 0 5
24908   2015  5 2 10     4       1   22                                9 5
24908   2015 10 2 20    10       7   10    5 0.09               6    6 0 1
24908   2015 11 2 20    10      18   25   13 0.15              27   27 0 1
24908   2015 12 2 20    10      36   50   27 0.16              58   58 0 1
24908   2016  1 2 20    10      42   55   35 0.18              76   76 0 1
24908   2016  1 2 31    10      43   57   38 0.19              82   82 0 1
24908   2016  2 2 10    10      49   63   39 0.19              93   93 0 1
24908   2016  2 2 20    10      49   64   40 0.19              93   93 0 1
24908   2016  2 2 29    10      49   65   41 0.19              93   93 0 1
24908   2016  3 2 10    10      50   64   40 0.19              95   95 0 1
24908   2016  3 2 20    10      53   67   45 0.19             101  101 0 1
24908   2016  3 2 31    10      49   65   40 0.21             103  103 0 1
24908   2016  4 2 10    10      43   60   31 0.22              95   95 0 3
24908   2016  4 2 20    10      35   58   20 0.25              88   88 0 3
24908   2016  4 2 30    10      18   38    7 0.28              50   50 0 3
24908   2016  5 2 10     7       9   28      0.29              26   26 9 5
24908   2016  5 2 20     1       0    5                                9 5
24908   2016 10 2 20    10       5    8    4 0.09               5    5 0 1
24908   2016 11 2 20    10      14   20   12 0.09              13   13 0 1
24908   2016 12 2 20    10      36   45   29 0.13              47   47 0 1
24908   2017  1 2 20    10      48   58   41 0.17              82   82 0 1
24908   2017  1 2 31    10      49   59   40 0.18              88   88 0 1
24908   2017  2 2 10    10      50   60   41 0.18              90   90 0 1
24908   2017  2 2 20    10      48   60   40 0.19              91   91 0 1
24908   2017  2 2 28    10      48   57   41 0.20              96   96 0 1
24908   2017  3 2 10    10      49   57   42 0.20              98   98 0 3
24908   2017  3 2 20    10      47   56   39 0.21              99   99 0 3
24908   2017  3 2 31    10      38   52   27 0.25              95   95 0 5
24908   2017  4 2 10    10      34   51   18 0.26              88   88 0 3
24908   2017  4 2 20    10      27   40   17 0.27              73   73 0 2
24908   2017  4 2 30     6       6   20      0.36              22   22 9 5
24908   2017  5 2 10     2       1    8                                9 5
24908   2017 10 2 20    10       5    8    2 0.09               5    5 0 1
24908   2017 11 2 20    10      20   26   15 0.22              44   44 0 1
24908   2017 12 2 20    10      36   43   31 0.14              50   50 0 1
24908   2018  1 2 21    10      41   55   35 0.17              70   70 0 1
24908   2018  1 2 31    10      42   55   38 0.17              71   71 0 1
24908   2018  2 2 10    10      42   56   36 0.17              71   71 0 1
24908   2018  2 2 20    10      45   54   38 0.18              81   81 0 1
24908   2018  2 2 28    10      44   55   38 0.19              84   84 0 1
24908   2018  3 2 10    10      45   53   37 0.19              86   86 0 1
24908   2018  3 2 20    10      44   53   37 0.20              88   88 0 3
24908   2018  3 2 31    10      43   52   33 0.20              86   86 0 3
24908   2018  4 2 10    10      41   50   31 0.21              86   86 0 3
24908   2018  4 2 20    10      24   37   13 0.30              72   72 0 3
24908   2018 11 2 20    10      16   22   10 0.12              19   19 0 1
24908   2018 12 2 20    10      36   47   28 0.14              50   50 0 1
24908   2019  1 2 20    10      40   47   33 0.16              64   64 0 1
24908   2019  1 2 31    10      42   55   35 0.17              71   71 0 1
24908   2019  2 2 10    10      43   58   35 0.17              73   73 0 1
24908   2019  2 2 20    10      47   62   39 0.18              85   85 0 1
24908   2019  2 2 28    10      45   58   35 0.20              90   90 0 1
24908   2019  3 2 10    10      46   58   35 0.20              92   92 0 3
24908   2019  3 2 20    10      44   52   35 0.21              92   92 0 3
24908   2019  3 2 31    10      43   52   32 0.22              95   95 0 3
24908   2019  4 2 10    10      34   42   23 0.24              82   82 0 5
24908   2019  4 2 20    10      32   42   20 0.23              74   74 0 3
24908   2019  4 2 30    10      30   44   10 0.29              87   87 0 2
24908   2019  5 2 10     2       1    8                                9 5
24908   2019 11 2 20    10      16   21   11 0.13              21   21 0 1
24908   2019 12 2 20    10      30   37   25 0.15              45   45 0 1
24908   2020  1 2 20    10      39   45   33 0.17              66   66 0 1
24908   2020  1 2 31    10      41   48   34 0.19              78   78 0 1
24908   2020  2 2 10    10      45   50   38 0.18              81   81 0 1
24908   2020  2 2 20    10      45   50   36 0.19              86   86 0 1
24908   2020  2 2 29    10      45   52   38 0.19              86   86 0 1
24908   2020  3 2 10    10      47   55   40 0.20              94   94 0 1
24908   2020  3 2 20    10      45   50   35 0.20              90   90 0 3
24908   2020  3 2 31    10      45   53   37 0.22              99   99 0 2
24908   2020  4 2 10    10      29   40   16 0.23              67   67 0 5
24908   2020  4 2 20     8      15   26    7 0.35              53   53 9 5
24908   2020 10 2 20    10       3    5    2                           0 1
24908   2020 11 2 20    10      15   24   10 0.14              21   21 0 1
24908   2020 12 2 20    10      25   36   19 0.13              33   33 0 1
24908   2021  1 2 20    10      30   37   23 0.16              48   48 0 1
24908   2021  1 2 31    10      30   36   23 0.17              51   51 0 1
24908   2021  2 2 10    10      39   45   30 0.18              70   70 0 1
24908   2021  2 2 20    10      41   50   30 0.17              70   70 0 3
24908   2021  2 2 28    10      41   47   30 0.17              70   70 0 3
24908   2021  3 2 10    10      43   53   33 0.19              82   82 0 3
24908   2021  3 2 20    10      40   45   33 0.19              76   76 0 3
24908   2021  3 2 31    10      45   51   35 0.20              90   90 0 3
24908   2021  4 2 10    10      35   46   23 0.24              84   84 0 3
24908   2021  4 2 20    10      36   48   21 0.24              86   86 0 3
24908   2021  4 2 30    10      23   31   15 0.27              62   62 0 8
24908   2021 10 2 20     9       3    5                                9 2
24908   2021 11 2 20    10      14   17   10 0.11              15   15 0 1
24908   2021 12 2 20    10      33   38   24 0.14              46   46 0 1
24908   2022  1 2 20    10      42   48   35 0.16              67   67 0 1
24908   2022  1 2 31    10      41   46   35 0.17              70   70 0 1
24908   2022  2 2 10    10      45   53   39 0.17              77   77 0 1
24908   2022  2 2 20    10      45   51   38 0.18              81   81 0 1
24908   2022  2 2 28    10      47   53   39 0.18              85   85 0 1
24908   2022  3 2 10    10      54   62   43 0.18              97   97 0 1
24908   2022  3 2 20    10      53   63   44 0.19             101  101 0 1
24908   2022  3 2 31    10      55   60   48 0.19             105  105 0 3
24908   2022  4 2 10    10      46   61   24 0.21              97   97 0 3
24908   2022  4 2 20    10      27   36   13 0.24              65   65 0 3
24908   2022  4 2 30    10      21   26    8 0.29              61   61 0 5
24908   2022 11 2 20    10      22   26   18 0.12              26   26 0 1
24908   2022 12 2 20    10      27   31   23 0.17              46   46 0 1
